 Global and Hemispheric Mean Aerosol Optical Depth at 550 nm
 -----------------------------------------------------------
   
year/mon  global N.Hemis S.Hemis
1850.042  0.0044  0.0044  0.0044
1850.125  0.0042  0.0042  0.0042
1850.208  0.0040  0.0040  0.0040
1850.292  0.0039  0.0039  0.0039
1850.375  0.0037  0.0037  0.0037
1850.458  0.0036  0.0036  0.0036
1850.542  0.0034  0.0034  0.0034
1850.625  0.0034  0.0034  0.0034
1850.708  0.0033  0.0033  0.0033
1850.792  0.0032  0.0032  0.0032
1850.875  0.0031  0.0031  0.0031
1850.958  0.0030  0.0030  0.0030
1851.042  0.0030  0.0030  0.0030
1851.125  0.0029  0.0029  0.0029
1851.208  0.0028  0.0028  0.0028
1851.292  0.0027  0.0027  0.0027
1851.375  0.0026  0.0026  0.0026
1851.458  0.0026  0.0026  0.0026
1851.542  0.0025  0.0025  0.0025
1851.625  0.0024  0.0024  0.0024
1851.708  0.0023  0.0023  0.0023
1851.792  0.0022  0.0022  0.0022
1851.875  0.0021  0.0021  0.0021
1851.958  0.0020  0.0020  0.0020
1852.042  0.0019  0.0019  0.0019
1852.125  0.0018  0.0018  0.0018
1852.208  0.0018  0.0018  0.0018
1852.292  0.0017  0.0017  0.0017
1852.375  0.0016  0.0016  0.0016
1852.458  0.0015  0.0015  0.0015
1852.542  0.0014  0.0014  0.0014
1852.625  0.0013  0.0013  0.0013
1852.708  0.0012  0.0012  0.0012
1852.792  0.0011  0.0011  0.0011
1852.875  0.0010  0.0010  0.0010
1852.958  0.0010  0.0010  0.0010
1853.042  0.0009  0.0009  0.0009
1853.125  0.0008  0.0008  0.0008
1853.208  0.0008  0.0008  0.0008
1853.292  0.0007  0.0007  0.0007
1853.375  0.0007  0.0007  0.0007
1853.458  0.0006  0.0006  0.0006
1853.542  0.0006  0.0006  0.0006
1853.625  0.0005  0.0005  0.0005
1853.708  0.0005  0.0005  0.0005
1853.792  0.0005  0.0005  0.0005
1853.875  0.0004  0.0004  0.0004
1853.958  0.0004  0.0004  0.0004
1854.042  0.0004  0.0004  0.0004
1854.125  0.0004  0.0004  0.0004
1854.208  0.0003  0.0003  0.0003
1854.292  0.0003  0.0003  0.0003
1854.375  0.0003  0.0003  0.0003
1854.458  0.0003  0.0003  0.0003
1854.542  0.0003  0.0003  0.0003
1854.625  0.0003  0.0003  0.0003
1854.708  0.0002  0.0002  0.0002
1854.792  0.0002  0.0002  0.0002
1854.875  0.0002  0.0002  0.0002
1854.958  0.0002  0.0002  0.0002
1855.042  0.0002  0.0002  0.0002
1855.125  0.0002  0.0002  0.0002
1855.208  0.0002  0.0002  0.0002
1855.292  0.0002  0.0002  0.0002
1855.375  0.0002  0.0002  0.0002
1855.458  0.0002  0.0002  0.0002
1855.542  0.0002  0.0002  0.0002
1855.625  0.0002  0.0002  0.0002
1855.708  0.0002  0.0002  0.0002
1855.792  0.0029  0.0029  0.0029
1855.875  0.0075  0.0075  0.0075
1855.958  0.0122  0.0122  0.0122
1856.042  0.0168  0.0168  0.0168
1856.125  0.0214  0.0214  0.0214
1856.208  0.0260  0.0260  0.0260
1856.292  0.0306  0.0306  0.0306
1856.375  0.0352  0.0352  0.0352
1856.458  0.0399  0.0399  0.0399
1856.542  0.0433  0.0433  0.0433
1856.625  0.0456  0.0456  0.0456
1856.708  0.0479  0.0479  0.0479
1856.792  0.0501  0.0501  0.0501
1856.875  0.0524  0.0524  0.0524
1856.958  0.0547  0.0547  0.0547
1857.042  0.0570  0.0570  0.0570
1857.125  0.0593  0.0593  0.0593
1857.208  0.0615  0.0615  0.0615
1857.292  0.0638  0.0638  0.0638
1857.375  0.0661  0.0661  0.0661
1857.458  0.0684  0.0684  0.0684
1857.542  0.0675  0.0675  0.0675
1857.625  0.0636  0.0636  0.0636
1857.708  0.0596  0.0596  0.0596
1857.792  0.0557  0.0557  0.0557
1857.875  0.0517  0.0517  0.0517
1857.958  0.0478  0.0478  0.0478
1858.042  0.0440  0.0440  0.0440
1858.125  0.0405  0.0405  0.0405
1858.208  0.0372  0.0372  0.0372
1858.292  0.0343  0.0343  0.0343
1858.375  0.0315  0.0315  0.0315
1858.458  0.0290  0.0290  0.0290
1858.542  0.0267  0.0267  0.0267
1858.625  0.0246  0.0246  0.0246
1858.708  0.0226  0.0226  0.0226
1858.792  0.0208  0.0208  0.0208
1858.875  0.0192  0.0192  0.0192
1858.958  0.0176  0.0176  0.0176
1859.042  0.0162  0.0162  0.0162
1859.125  0.0150  0.0150  0.0150
1859.208  0.0139  0.0139  0.0139
1859.292  0.0130  0.0130  0.0130
1859.375  0.0120  0.0120  0.0120
1859.458  0.0110  0.0110  0.0110
1859.542  0.0103  0.0103  0.0103
1859.625  0.0097  0.0097  0.0097
1859.708  0.0091  0.0091  0.0091
1859.792  0.0086  0.0086  0.0086
1859.875  0.0080  0.0080  0.0080
1859.958  0.0074  0.0074  0.0074
1860.042  0.0069  0.0069  0.0069
1860.125  0.0064  0.0064  0.0064
1860.208  0.0059  0.0059  0.0059
1860.292  0.0054  0.0054  0.0054
1860.375  0.0050  0.0050  0.0050
1860.458  0.0046  0.0046  0.0046
1860.542  0.0042  0.0042  0.0042
1860.625  0.0039  0.0039  0.0039
1860.708  0.0036  0.0036  0.0036
1860.792  0.0033  0.0033  0.0033
1860.875  0.0031  0.0031  0.0031
1860.958  0.0028  0.0028  0.0028
1861.042  0.0026  0.0026  0.0026
1861.125  0.0024  0.0024  0.0024
1861.208  0.0022  0.0022  0.0022
1861.292  0.0020  0.0020  0.0020
1861.375  0.0019  0.0019  0.0019
1861.458  0.0017  0.0017  0.0017
1861.542  0.0016  0.0016  0.0016
1861.625  0.0027  0.0027  0.0027
1861.708  0.0040  0.0040  0.0040
1861.792  0.0053  0.0053  0.0053
1861.875  0.0066  0.0066  0.0066
1861.958  0.0079  0.0079  0.0079
1862.042  0.0092  0.0092  0.0092
1862.125  0.0105  0.0105  0.0105
1862.208  0.0118  0.0118  0.0118
1862.292  0.0132  0.0132  0.0132
1862.375  0.0145  0.0145  0.0145
1862.458  0.0158  0.0158  0.0158
1862.542  0.0162  0.0162  0.0162
1862.625  0.0156  0.0156  0.0156
1862.708  0.0151  0.0151  0.0151
1862.792  0.0145  0.0145  0.0145
1862.875  0.0140  0.0140  0.0140
1862.958  0.0135  0.0135  0.0135
1863.042  0.0129  0.0129  0.0129
1863.125  0.0124  0.0124  0.0124
1863.208  0.0118  0.0118  0.0118
1863.292  0.0113  0.0113  0.0113
1863.375  0.0107  0.0107  0.0107
1863.458  0.0102  0.0102  0.0102
1863.542  0.0097  0.0097  0.0097
1863.625  0.0092  0.0092  0.0092
1863.708  0.0087  0.0087  0.0087
1863.792  0.0082  0.0082  0.0082
1863.875  0.0078  0.0078  0.0078
1863.958  0.0073  0.0073  0.0073
1864.042  0.0068  0.0068  0.0068
1864.125  0.0063  0.0063  0.0063
1864.208  0.0058  0.0058  0.0058
1864.292  0.0054  0.0054  0.0054
1864.375  0.0050  0.0050  0.0050
1864.458  0.0046  0.0046  0.0046
1864.542  0.0042  0.0042  0.0042
1864.625  0.0039  0.0039  0.0039
1864.708  0.0037  0.0037  0.0037
1864.792  0.0035  0.0035  0.0035
1864.875  0.0033  0.0033  0.0033
1864.958  0.0031  0.0031  0.0031
1865.042  0.0029  0.0029  0.0029
1865.125  0.0027  0.0027  0.0027
1865.208  0.0025  0.0025  0.0025
1865.292  0.0023  0.0023  0.0023
1865.375  0.0022  0.0022  0.0022
1865.458  0.0020  0.0020  0.0020
1865.542  0.0019  0.0019  0.0019
1865.625  0.0017  0.0017  0.0017
1865.708  0.0016  0.0016  0.0016
1865.792  0.0015  0.0015  0.0015
1865.875  0.0014  0.0014  0.0014
1865.958  0.0013  0.0013  0.0013
1866.042  0.0012  0.0012  0.0012
1866.125  0.0011  0.0011  0.0011
1866.208  0.0010  0.0010  0.0010
1866.292  0.0010  0.0010  0.0010
1866.375  0.0009  0.0009  0.0009
1866.458  0.0008  0.0008  0.0008
1866.542  0.0008  0.0008  0.0008
1866.625  0.0007  0.0007  0.0007
1866.708  0.0007  0.0007  0.0007
1866.792  0.0006  0.0006  0.0006
1866.875  0.0006  0.0006  0.0006
1866.958  0.0005  0.0005  0.0005
1867.042  0.0005  0.0005  0.0005
1867.125  0.0005  0.0005  0.0005
1867.208  0.0004  0.0004  0.0004
1867.292  0.0004  0.0004  0.0004
1867.375  0.0004  0.0004  0.0004
1867.458  0.0004  0.0004  0.0004
1867.542  0.0003  0.0003  0.0003
1867.625  0.0003  0.0003  0.0003
1867.708  0.0003  0.0003  0.0003
1867.792  0.0003  0.0003  0.0003
1867.875  0.0003  0.0003  0.0003
1867.958  0.0003  0.0003  0.0003
1868.042  0.0002  0.0002  0.0002
1868.125  0.0002  0.0002  0.0002
1868.208  0.0002  0.0002  0.0002
1868.292  0.0002  0.0002  0.0002
1868.375  0.0002  0.0002  0.0002
1868.458  0.0002  0.0002  0.0002
1868.542  0.0002  0.0002  0.0002
1868.625  0.0002  0.0002  0.0002
1868.708  0.0002  0.0002  0.0002
1868.792  0.0002  0.0002  0.0002
1868.875  0.0002  0.0002  0.0002
1868.958  0.0003  0.0003  0.0003
1869.042  0.0003  0.0003  0.0003
1869.125  0.0004  0.0004  0.0004
1869.208  0.0005  0.0005  0.0005
1869.292  0.0005  0.0005  0.0005
1869.375  0.0006  0.0006  0.0006
1869.458  0.0007  0.0007  0.0007
1869.542  0.0007  0.0007  0.0007
1869.625  0.0007  0.0007  0.0007
1869.708  0.0007  0.0007  0.0007
1869.792  0.0007  0.0007  0.0007
1869.875  0.0007  0.0007  0.0007
1869.958  0.0007  0.0007  0.0007
1870.042  0.0007  0.0007  0.0007
1870.125  0.0006  0.0006  0.0006
1870.208  0.0006  0.0006  0.0006
1870.292  0.0006  0.0006  0.0006
1870.375  0.0006  0.0006  0.0006
1870.458  0.0006  0.0006  0.0006
1870.542  0.0006  0.0006  0.0006
1870.625  0.0006  0.0006  0.0006
1870.708  0.0006  0.0006  0.0006
1870.792  0.0006  0.0006  0.0006
1870.875  0.0006  0.0006  0.0006
1870.958  0.0006  0.0006  0.0006
1871.042  0.0006  0.0006  0.0006
1871.125  0.0006  0.0006  0.0006
1871.208  0.0005  0.0005  0.0005
1871.292  0.0005  0.0005  0.0005
1871.375  0.0005  0.0005  0.0005
1871.458  0.0005  0.0005  0.0005
1871.542  0.0005  0.0005  0.0005
1871.625  0.0006  0.0006  0.0006
1871.708  0.0006  0.0006  0.0006
1871.792  0.0007  0.0007  0.0007
1871.875  0.0007  0.0007  0.0007
1871.958  0.0008  0.0008  0.0008
1872.042  0.0008  0.0008  0.0008
1872.125  0.0009  0.0009  0.0009
1872.208  0.0009  0.0009  0.0009
1872.292  0.0010  0.0010  0.0010
1872.375  0.0010  0.0010  0.0010
1872.458  0.0010  0.0010  0.0010
1872.542  0.0012  0.0012  0.0012
1872.625  0.0014  0.0014  0.0014
1872.708  0.0016  0.0016  0.0016
1872.792  0.0018  0.0018  0.0018
1872.875  0.0020  0.0020  0.0020
1872.958  0.0022  0.0022  0.0022
1873.042  0.0024  0.0024  0.0024
1873.125  0.0026  0.0026  0.0026
1873.208  0.0028  0.0028  0.0028
1873.292  0.0030  0.0030  0.0030
1873.375  0.0032  0.0032  0.0032
1873.458  0.0034  0.0034  0.0034
1873.542  0.0034  0.0034  0.0034
1873.625  0.0033  0.0033  0.0033
1873.708  0.0032  0.0032  0.0032
1873.792  0.0031  0.0031  0.0031
1873.875  0.0029  0.0029  0.0029
1873.958  0.0028  0.0028  0.0028
1874.042  0.0027  0.0027  0.0027
1874.125  0.0025  0.0025  0.0025
1874.208  0.0024  0.0024  0.0024
1874.292  0.0023  0.0023  0.0023
1874.375  0.0022  0.0022  0.0022
1874.458  0.0020  0.0020  0.0020
1874.542  0.0019  0.0019  0.0019
1874.625  0.0017  0.0017  0.0017
1874.708  0.0016  0.0016  0.0016
1874.792  0.0015  0.0015  0.0015
1874.875  0.0014  0.0014  0.0014
1874.958  0.0013  0.0013  0.0013
1875.042  0.0012  0.0012  0.0012
1875.125  0.0011  0.0011  0.0011
1875.208  0.0010  0.0010  0.0010
1875.292  0.0009  0.0009  0.0009
1875.375  0.0009  0.0009  0.0009
1875.458  0.0008  0.0008  0.0008
1875.542  0.0008  0.0008  0.0008
1875.625  0.0007  0.0007  0.0007
1875.708  0.0010  0.0014  0.0007
1875.792  0.0017  0.0028  0.0006
1875.875  0.0024  0.0042  0.0006
1875.958  0.0030  0.0055  0.0005
1876.042  0.0037  0.0070  0.0005
1876.125  0.0044  0.0084  0.0005
1876.208  0.0051  0.0098  0.0004
1876.292  0.0058  0.0112  0.0004
1876.375  0.0065  0.0126  0.0004
1876.458  0.0072  0.0140  0.0004
1876.542  0.0074  0.0145  0.0003
1876.625  0.0072  0.0142  0.0003
1876.708  0.0070  0.0138  0.0003
1876.792  0.0069  0.0135  0.0003
1876.875  0.0067  0.0131  0.0003
1876.958  0.0065  0.0127  0.0003
1877.042  0.0063  0.0124  0.0002
1877.125  0.0061  0.0120  0.0002
1877.208  0.0059  0.0116  0.0002
1877.292  0.0057  0.0113  0.0002
1877.375  0.0056  0.0110  0.0002
1877.458  0.0054  0.0106  0.0002
1877.542  0.0052  0.0102  0.0002
1877.625  0.0050  0.0099  0.0002
1877.708  0.0048  0.0095  0.0002
1877.792  0.0046  0.0091  0.0002
1877.875  0.0044  0.0087  0.0002
1877.958  0.0042  0.0083  0.0002
1878.042  0.0040  0.0079  0.0002
1878.125  0.0039  0.0075  0.0002
1878.208  0.0037  0.0071  0.0002
1878.292  0.0035  0.0067  0.0002
1878.375  0.0033  0.0063  0.0002
1878.458  0.0031  0.0060  0.0002
1878.542  0.0029  0.0057  0.0002
1878.625  0.0029  0.0055  0.0002
1878.708  0.0028  0.0053  0.0002
1878.792  0.0027  0.0052  0.0002
1878.875  0.0026  0.0050  0.0002
1878.958  0.0025  0.0049  0.0002
1879.042  0.0024  0.0047  0.0002
1879.125  0.0024  0.0045  0.0002
1879.208  0.0023  0.0044  0.0002
1879.292  0.0022  0.0042  0.0002
1879.375  0.0021  0.0040  0.0002
1879.458  0.0020  0.0039  0.0002
1879.542  0.0020  0.0037  0.0002
1879.625  0.0019  0.0036  0.0002
1879.708  0.0018  0.0034  0.0002
1879.792  0.0017  0.0033  0.0002
1879.875  0.0016  0.0031  0.0002
1879.958  0.0016  0.0029  0.0002
1880.042  0.0015  0.0028  0.0002
1880.125  0.0014  0.0027  0.0002
1880.208  0.0014  0.0025  0.0002
1880.292  0.0013  0.0024  0.0002
1880.375  0.0012  0.0022  0.0002
1880.458  0.0011  0.0021  0.0002
1880.542  0.0011  0.0019  0.0002
1880.625  0.0010  0.0018  0.0002
1880.708  0.0010  0.0018  0.0002
1880.792  0.0009  0.0017  0.0002
1880.875  0.0009  0.0016  0.0002
1880.958  0.0009  0.0015  0.0002
1881.042  0.0008  0.0014  0.0002
1881.125  0.0008  0.0014  0.0002
1881.208  0.0008  0.0013  0.0002
1881.292  0.0007  0.0012  0.0002
1881.375  0.0007  0.0011  0.0002
1881.458  0.0006  0.0011  0.0002
1881.542  0.0006  0.0010  0.0002
1881.625  0.0006  0.0010  0.0002
1881.708  0.0006  0.0010  0.0002
1881.792  0.0006  0.0010  0.0002
1881.875  0.0006  0.0010  0.0002
1881.958  0.0006  0.0010  0.0002
1882.042  0.0006  0.0010  0.0002
1882.125  0.0006  0.0010  0.0002
1882.208  0.0006  0.0010  0.0002
1882.292  0.0006  0.0009  0.0002
1882.375  0.0006  0.0009  0.0002
1882.458  0.0006  0.0009  0.0002
1882.542  0.0006  0.0009  0.0002
1882.625  0.0006  0.0009  0.0002
1882.708  0.0006  0.0009  0.0002
1882.792  0.0005  0.0009  0.0002
1882.875  0.0005  0.0009  0.0002
1882.958  0.0005  0.0008  0.0002
1883.042  0.0291  0.0291  0.0291
1883.125  0.0328  0.0328  0.0328
1883.208  0.0302  0.0302  0.0302
1883.292  0.0278  0.0278  0.0278
1883.375  0.0255  0.0255  0.0255
1883.458  0.0235  0.0235  0.0235
1883.542  0.0216  0.0216  0.0216
1883.625  0.0197  0.0168  0.0226
1883.708  0.0415  0.0388  0.0442
1883.792  0.0781  0.0826  0.0735
1883.875  0.1060  0.1066  0.1053
1883.958  0.1317  0.1328  0.1305
1884.042  0.1518  0.1628  0.1409
1884.125  0.1523  0.1432  0.1615
1884.208  0.1631  0.1472  0.1790
1884.292  0.1644  0.1427  0.1860
1884.375  0.1570  0.1397  0.1744
1884.458  0.1525  0.1448  0.1601
1884.542  0.1516  0.1466  0.1566
1884.625  0.1392  0.1465  0.1319
1884.708  0.1350  0.1430  0.1271
1884.792  0.1255  0.1335  0.1174
1884.875  0.1149  0.1174  0.1123
1884.958  0.1076  0.1080  0.1072
1885.042  0.1009  0.1013  0.1005
1885.125  0.0872  0.0839  0.0905
1885.208  0.0817  0.0776  0.0858
1885.292  0.0727  0.0697  0.0757
1885.375  0.0668  0.0656  0.0681
1885.458  0.0615  0.0611  0.0618
1885.542  0.0577  0.0610  0.0544
1885.625  0.0530  0.0590  0.0469
1885.708  0.0490  0.0578  0.0402
1885.792  0.0468  0.0544  0.0391
1885.875  0.0433  0.0491  0.0375
1885.958  0.0413  0.0470  0.0356
1886.042  0.0385  0.0432  0.0338
1886.125  0.0343  0.0363  0.0323
1886.208  0.0313  0.0320  0.0307
1886.292  0.0291  0.0295  0.0288
1886.375  0.0261  0.0264  0.0259
1886.458  0.0239  0.0238  0.0241
1886.542  0.0225  0.0239  0.0212
1886.625  0.0203  0.0225  0.0181
1886.708  0.0197  0.0229  0.0166
1886.792  0.0692  0.0692  0.0692
1886.875  0.0637  0.0637  0.0637
1886.958  0.0586  0.0586  0.0586
1887.042  0.0539  0.0539  0.0539
1887.125  0.0496  0.0496  0.0496
1887.208  0.0457  0.0457  0.0457
1887.292  0.0420  0.0420  0.0420
1887.375  0.0387  0.0387  0.0387
1887.458  0.0356  0.0356  0.0356
1887.542  0.0328  0.0328  0.0328
1887.625  0.0345  0.0345  0.0345
1887.708  0.0317  0.0317  0.0317
1887.792  0.0292  0.0292  0.0292
1887.875  0.0269  0.0269  0.0269
1887.958  0.0247  0.0247  0.0247
1888.042  0.0228  0.0228  0.0228
1888.125  0.0210  0.0210  0.0210
1888.208  0.0193  0.0193  0.0193
1888.292  0.0178  0.0178  0.0178
1888.375  0.0163  0.0163  0.0163
1888.458  0.0110  0.0122  0.0098
1888.542  0.0130  0.0144  0.0116
1888.625  0.0149  0.0166  0.0133
1888.708  0.0222  0.0247  0.0198
1888.792  0.0296  0.0328  0.0263
1888.875  0.0368  0.0409  0.0328
1888.958  0.0376  0.0418  0.0335
1889.042  0.0385  0.0427  0.0343
1889.125  0.0393  0.0435  0.0350
1889.208  0.0361  0.0401  0.0322
1889.292  0.0332  0.0369  0.0296
1889.375  0.0306  0.0339  0.0272
1889.458  0.0282  0.0312  0.0251
1889.542  0.0259  0.0288  0.0231
1889.625  0.0238  0.0265  0.0212
1889.708  0.0219  0.0244  0.0195
1889.792  0.0202  0.0224  0.0180
1889.875  0.0191  0.0212  0.0170
1889.958  0.0256  0.0284  0.0228
1890.042  0.0321  0.0357  0.0286
1890.125  0.0387  0.0429  0.0344
1890.208  0.0418  0.0464  0.0372
1890.292  0.0450  0.0499  0.0401
1890.375  0.0482  0.0534  0.0429
1890.458  0.0443  0.0491  0.0395
1890.542  0.0408  0.0452  0.0363
1890.625  0.0375  0.0416  0.0334
1890.708  0.0345  0.0383  0.0307
1890.792  0.0331  0.0379  0.0283
1890.875  0.0359  0.0457  0.0260
1890.958  0.0376  0.0511  0.0240
1891.042  0.0398  0.0576  0.0221
1891.125  0.0422  0.0640  0.0203
1891.208  0.0388  0.0589  0.0187
1891.292  0.0357  0.0542  0.0172
1891.375  0.0328  0.0499  0.0158
1891.458  0.0303  0.0459  0.0146
1891.542  0.0278  0.0423  0.0134
1891.625  0.0256  0.0389  0.0124
1891.708  0.0236  0.0358  0.0114
1891.792  0.0217  0.0329  0.0105
1891.875  0.0206  0.0316  0.0096
1891.958  0.0208  0.0327  0.0089
1892.042  0.0210  0.0338  0.0082
1892.125  0.0212  0.0350  0.0075
1892.208  0.0234  0.0399  0.0069
1892.292  0.0255  0.0446  0.0064
1892.375  0.0277  0.0495  0.0059
1892.458  0.0255  0.0455  0.0054
1892.542  0.0235  0.0419  0.0050
1892.625  0.0216  0.0386  0.0046
1892.708  0.0199  0.0355  0.0042
1892.792  0.0183  0.0326  0.0039
1892.875  0.0168  0.0301  0.0036
1892.958  0.0155  0.0277  0.0033
1893.042  0.0143  0.0254  0.0031
1893.125  0.0131  0.0234  0.0028
1893.208  0.0121  0.0216  0.0026
1893.292  0.0111  0.0199  0.0024
1893.375  0.0102  0.0183  0.0022
1893.458  0.0095  0.0168  0.0021
1893.542  0.0087  0.0155  0.0019
1893.625  0.0080  0.0143  0.0018
1893.708  0.0074  0.0131  0.0016
1893.792  0.0068  0.0121  0.0015
1893.875  0.0063  0.0111  0.0014
1893.958  0.0058  0.0102  0.0013
1894.042  0.0053  0.0094  0.0012
1894.125  0.0049  0.0086  0.0011
1894.208  0.0045  0.0080  0.0010
1894.292  0.0042  0.0074  0.0010
1894.375  0.0038  0.0068  0.0009
1894.458  0.0035  0.0063  0.0008
1894.542  0.0033  0.0057  0.0008
1894.625  0.0030  0.0053  0.0007
1894.708  0.0028  0.0049  0.0007
1894.792  0.0025  0.0045  0.0006
1894.875  0.0024  0.0041  0.0006
1894.958  0.0022  0.0039  0.0005
1895.042  0.0020  0.0036  0.0005
1895.125  0.0019  0.0033  0.0005
1895.208  0.0017  0.0030  0.0004
1895.292  0.0016  0.0028  0.0004
1895.375  0.0015  0.0026  0.0004
1895.458  0.0014  0.0024  0.0004
1895.542  0.0012  0.0022  0.0003
1895.625  0.0012  0.0020  0.0003
1895.708  0.0011  0.0019  0.0003
1895.792  0.0010  0.0017  0.0003
1895.875  0.0009  0.0016  0.0003
1895.958  0.0009  0.0014  0.0003
1896.042  0.0063  0.0006  0.0120
1896.125  0.0058  0.0006  0.0111
1896.208  0.0071  0.0005  0.0136
1896.292  0.0134  0.0005  0.0262
1896.375  0.0197  0.0005  0.0388
1896.458  0.0225  0.0004  0.0445
1896.542  0.0252  0.0004  0.0501
1896.625  0.0280  0.0004  0.0557
1896.708  0.0258  0.0004  0.0512
1896.792  0.0237  0.0003  0.0471
1896.875  0.0218  0.0003  0.0434
1896.958  0.0201  0.0003  0.0400
1897.042  0.0185  0.0003  0.0368
1897.125  0.0171  0.0003  0.0338
1897.208  0.0157  0.0003  0.0311
1897.292  0.0144  0.0002  0.0286
1897.375  0.0138  0.0002  0.0275
1897.458  0.0143  0.0002  0.0285
1897.542  0.0148  0.0002  0.0294
1897.625  0.0153  0.0002  0.0304
1897.708  0.0174  0.0002  0.0346
1897.792  0.0195  0.0002  0.0388
1897.875  0.0216  0.0002  0.0431
1897.958  0.0199  0.0002  0.0396
1898.042  0.0183  0.0002  0.0365
1898.125  0.0169  0.0002  0.0336
1898.208  0.0155  0.0002  0.0309
1898.292  0.0143  0.0002  0.0284
1898.375  0.0132  0.0002  0.0262
1898.458  0.0121  0.0002  0.0241
1898.542  0.0112  0.0002  0.0222
1898.625  0.0103  0.0002  0.0204
1898.708  0.0095  0.0002  0.0188
1898.792  0.0087  0.0002  0.0173
1898.875  0.0080  0.0002  0.0159
1898.958  0.0074  0.0002  0.0146
1899.042  0.0069  0.0002  0.0135
1899.125  0.0063  0.0002  0.0124
1899.208  0.0058  0.0002  0.0115
1899.292  0.0054  0.0002  0.0106
1899.375  0.0049  0.0002  0.0097
1899.458  0.0046  0.0002  0.0089
1899.542  0.0042  0.0002  0.0082
1899.625  0.0039  0.0002  0.0076
1899.708  0.0036  0.0002  0.0070
1899.792  0.0033  0.0002  0.0064
1899.875  0.0030  0.0002  0.0059
1899.958  0.0028  0.0002  0.0054
1900.042  0.0026  0.0002  0.0050
1900.125  0.0024  0.0002  0.0046
1900.208  0.0022  0.0002  0.0042
1900.292  0.0021  0.0002  0.0039
1900.375  0.0019  0.0002  0.0037
1900.458  0.0018  0.0002  0.0034
1900.542  0.0016  0.0002  0.0031
1900.625  0.0015  0.0002  0.0029
1900.708  0.0014  0.0002  0.0026
1900.792  0.0013  0.0002  0.0024
1900.875  0.0012  0.0002  0.0022
1900.958  0.0011  0.0002  0.0021
1901.042  0.0010  0.0002  0.0019
1901.125  0.0010  0.0002  0.0017
1901.208  0.0009  0.0002  0.0016
1901.292  0.0009  0.0002  0.0015
1901.375  0.0008  0.0002  0.0014
1901.458  0.0007  0.0002  0.0013
1901.542  0.0007  0.0002  0.0012
1901.625  0.0007  0.0002  0.0011
1901.708  0.0006  0.0002  0.0010
1901.792  0.0006  0.0002  0.0010
1901.875  0.0005  0.0002  0.0009
1901.958  0.0005  0.0002  0.0008
1902.042  0.0029  0.0038  0.0020
1902.125  0.0043  0.0057  0.0029
1902.208  0.0066  0.0087  0.0045
1902.292  0.0089  0.0118  0.0060
1902.375  0.0112  0.0148  0.0076
1902.458  0.0103  0.0136  0.0070
1902.542  0.0095  0.0125  0.0064
1902.625  0.0099  0.0113  0.0085
1902.708  0.0208  0.0221  0.0195
1902.792  0.0391  0.0368  0.0414
1902.875  0.0530  0.0527  0.0534
1902.958  0.0659  0.0653  0.0665
1903.042  0.0760  0.0705  0.0814
1903.125  0.0762  0.0808  0.0716
1903.208  0.0816  0.0896  0.0737
1903.292  0.0822  0.0931  0.0714
1903.375  0.0786  0.0872  0.0699
1903.458  0.0763  0.0801  0.0725
1903.542  0.0759  0.0784  0.0734
1903.625  0.0696  0.0660  0.0733
1903.708  0.0676  0.0636  0.0715
1903.792  0.0628  0.0588  0.0668
1903.875  0.0575  0.0562  0.0588
1903.958  0.0539  0.0537  0.0540
1904.042  0.0505  0.0503  0.0507
1904.125  0.0437  0.0453  0.0420
1904.208  0.0409  0.0429  0.0388
1904.292  0.0364  0.0379  0.0349
1904.375  0.0335  0.0341  0.0328
1904.458  0.0308  0.0310  0.0306
1904.542  0.0289  0.0273  0.0305
1904.625  0.0265  0.0235  0.0296
1904.708  0.0245  0.0201  0.0289
1904.792  0.0234  0.0196  0.0273
1904.875  0.0217  0.0188  0.0246
1904.958  0.0207  0.0179  0.0236
1905.042  0.0193  0.0170  0.0217
1905.125  0.0172  0.0162  0.0182
1905.208  0.0157  0.0154  0.0160
1905.292  0.0146  0.0145  0.0148
1905.375  0.0131  0.0130  0.0132
1905.458  0.0120  0.0121  0.0119
1905.542  0.0113  0.0106  0.0120
1905.625  0.0102  0.0091  0.0113
1905.708  0.0099  0.0083  0.0115
1905.792  0.0095  0.0085  0.0106
1905.875  0.0089  0.0080  0.0098
1905.958  0.0092  0.0081  0.0102
1906.042  0.0088  0.0083  0.0093
1906.125  0.0088  0.0088  0.0088
1906.208  0.0067  0.0063  0.0070
1906.292  0.0065  0.0062  0.0067
1906.375  0.0061  0.0060  0.0061
1906.458  0.0056  0.0055  0.0056
1906.542  0.0055  0.0051  0.0060
1906.625  0.0091  0.0121  0.0062
1906.708  0.0084  0.0111  0.0057
1906.792  0.0078  0.0103  0.0053
1906.875  0.0071  0.0095  0.0048
1906.958  0.0066  0.0087  0.0045
1907.042  0.0061  0.0080  0.0041
1907.125  0.0058  0.0079  0.0038
1907.208  0.0075  0.0115  0.0035
1907.292  0.0091  0.0149  0.0032
1907.375  0.0108  0.0186  0.0030
1907.458  0.0108  0.0189  0.0027
1907.542  0.0109  0.0192  0.0025
1907.625  0.0109  0.0196  0.0023
1907.708  0.0101  0.0181  0.0022
1907.792  0.0093  0.0166  0.0020
1907.875  0.0086  0.0153  0.0018
1907.958  0.0105  0.0193  0.0017
1908.042  0.0126  0.0236  0.0016
1908.125  0.0147  0.0279  0.0015
1908.208  0.0135  0.0257  0.0014
1908.292  0.0125  0.0236  0.0013
1908.375  0.0115  0.0218  0.0012
1908.458  0.0106  0.0200  0.0011
1908.542  0.0097  0.0184  0.0010
1908.625  0.0089  0.0169  0.0009
1908.708  0.0082  0.0156  0.0009
1908.792  0.0076  0.0144  0.0008
1908.875  0.0070  0.0132  0.0007
1908.958  0.0065  0.0122  0.0007
1909.042  0.0059  0.0112  0.0006
1909.125  0.0056  0.0105  0.0006
1909.208  0.0051  0.0096  0.0006
1909.292  0.0047  0.0089  0.0005
1909.375  0.0044  0.0082  0.0005
1909.458  0.0040  0.0076  0.0005
1909.542  0.0037  0.0070  0.0004
1909.625  0.0034  0.0064  0.0004
1909.708  0.0032  0.0059  0.0004
1909.792  0.0029  0.0055  0.0004
1909.875  0.0027  0.0050  0.0003
1909.958  0.0025  0.0046  0.0003
1910.042  0.0028  0.0054  0.0003
1910.125  0.0041  0.0079  0.0003
1910.208  0.0040  0.0076  0.0003
1910.292  0.0039  0.0074  0.0003
1910.375  0.0037  0.0072  0.0002
1910.458  0.0034  0.0066  0.0002
1910.542  0.0031  0.0061  0.0002
1910.625  0.0029  0.0056  0.0002
1910.708  0.0027  0.0052  0.0002
1910.792  0.0025  0.0048  0.0002
1910.875  0.0023  0.0044  0.0002
1910.958  0.0021  0.0040  0.0002
1911.042  0.0020  0.0037  0.0002
1911.125  0.0023  0.0044  0.0002
1911.208  0.0021  0.0041  0.0002
1911.292  0.0020  0.0038  0.0002
1911.375  0.0019  0.0035  0.0002
1911.458  0.0017  0.0032  0.0002
1911.542  0.0016  0.0030  0.0002
1911.625  0.0015  0.0027  0.0002
1911.708  0.0014  0.0026  0.0002
1911.792  0.0013  0.0024  0.0002
1911.875  0.0012  0.0022  0.0002
1911.958  0.0011  0.0020  0.0002
1912.042  0.0008  0.0015  0.0002
1912.125  0.0017  0.0033  0.0002
1912.208  0.0019  0.0036  0.0002
1912.292  0.0021  0.0040  0.0002
1912.375  0.0023  0.0043  0.0002
1912.458  0.0149  0.0295  0.0002
1912.542  0.0275  0.0547  0.0002
1912.625  0.0401  0.0800  0.0002
1912.708  0.0378  0.0754  0.0002
1912.792  0.0357  0.0712  0.0002
1912.875  0.0338  0.0673  0.0002
1912.958  0.0330  0.0658  0.0002
1913.042  0.0324  0.0646  0.0002
1913.125  0.0319  0.0636  0.0002
1913.208  0.0294  0.0586  0.0002
1913.292  0.0271  0.0539  0.0002
1913.375  0.0276  0.0550  0.0002
1913.458  0.0254  0.0507  0.0002
1913.542  0.0234  0.0466  0.0002
1913.625  0.0215  0.0429  0.0002
1913.708  0.0198  0.0395  0.0002
1913.792  0.0182  0.0363  0.0002
1913.875  0.0168  0.0334  0.0002
1913.958  0.0155  0.0308  0.0002
1914.042  0.0142  0.0283  0.0002
1914.125  0.0134  0.0267  0.0002
1914.208  0.0126  0.0250  0.0002
1914.292  0.0117  0.0233  0.0002
1914.375  0.0110  0.0218  0.0002
1914.458  0.0101  0.0200  0.0002
1914.542  0.0093  0.0184  0.0002
1914.625  0.0086  0.0169  0.0002
1914.708  0.0079  0.0156  0.0002
1914.792  0.0073  0.0144  0.0002
1914.875  0.0067  0.0132  0.0002
1914.958  0.0062  0.0122  0.0002
1915.042  0.0057  0.0112  0.0002
1915.125  0.0052  0.0103  0.0002
1915.208  0.0049  0.0095  0.0002
1915.292  0.0045  0.0087  0.0002
1915.375  0.0041  0.0081  0.0002
1915.458  0.0038  0.0074  0.0002
1915.542  0.0035  0.0068  0.0002
1915.625  0.0033  0.0063  0.0002
1915.708  0.0030  0.0058  0.0002
1915.792  0.0028  0.0054  0.0002
1915.875  0.0033  0.0065  0.0002
1915.958  0.0032  0.0062  0.0002
1916.042  0.0036  0.0057  0.0014
1916.125  0.0033  0.0053  0.0013
1916.208  0.0030  0.0049  0.0012
1916.292  0.0028  0.0045  0.0011
1916.375  0.0026  0.0041  0.0011
1916.458  0.0024  0.0038  0.0010
1916.542  0.0025  0.0035  0.0014
1916.625  0.0023  0.0033  0.0014
1916.708  0.0026  0.0030  0.0021
1916.792  0.0024  0.0028  0.0021
1916.875  0.0027  0.0026  0.0028
1916.958  0.0027  0.0026  0.0028
1917.042  0.0034  0.0032  0.0035
1917.125  0.0031  0.0030  0.0032
1917.208  0.0028  0.0027  0.0029
1917.292  0.0026  0.0025  0.0027
1917.375  0.0024  0.0023  0.0025
1917.458  0.0022  0.0022  0.0023
1917.542  0.0020  0.0020  0.0021
1917.625  0.0019  0.0018  0.0020
1917.708  0.0018  0.0017  0.0018
1917.792  0.0016  0.0016  0.0017
1917.875  0.0015  0.0015  0.0016
1917.958  0.0014  0.0014  0.0014
1918.042  0.0020  0.0020  0.0021
1918.125  0.0020  0.0020  0.0021
1918.208  0.0027  0.0026  0.0028
1918.292  0.0025  0.0024  0.0026
1918.375  0.0023  0.0022  0.0024
1918.458  0.0021  0.0021  0.0022
1918.542  0.0019  0.0019  0.0020
1918.625  0.0018  0.0017  0.0019
1918.708  0.0017  0.0016  0.0017
1918.792  0.0016  0.0015  0.0016
1918.875  0.0014  0.0014  0.0015
1918.958  0.0014  0.0014  0.0014
1919.042  0.0014  0.0014  0.0014
1919.125  0.0020  0.0020  0.0021
1919.208  0.0027  0.0026  0.0028
1919.292  0.0027  0.0026  0.0028
1919.375  0.0025  0.0024  0.0026
1919.458  0.0023  0.0022  0.0024
1919.542  0.0021  0.0021  0.0022
1919.625  0.0019  0.0019  0.0020
1919.708  0.0018  0.0017  0.0019
1919.792  0.0017  0.0016  0.0017
1919.875  0.0016  0.0015  0.0016
1919.958  0.0014  0.0014  0.0015
1920.042  0.0013  0.0013  0.0014
1920.125  0.0012  0.0012  0.0013
1920.208  0.0012  0.0011  0.0012
1920.292  0.0031  0.0031  0.0031
1920.375  0.0071  0.0071  0.0071
1920.458  0.0101  0.0101  0.0101
1920.542  0.0141  0.0141  0.0141
1920.625  0.0171  0.0171  0.0171
1920.708  0.0161  0.0161  0.0161
1920.792  0.0148  0.0148  0.0148
1920.875  0.0136  0.0136  0.0136
1920.958  0.0126  0.0126  0.0126
1921.042  0.0116  0.0116  0.0116
1921.125  0.0106  0.0106  0.0106
1921.208  0.0098  0.0098  0.0098
1921.292  0.0090  0.0090  0.0090
1921.375  0.0083  0.0083  0.0083
1921.458  0.0077  0.0077  0.0077
1921.542  0.0071  0.0071  0.0071
1921.625  0.0065  0.0065  0.0065
1921.708  0.0060  0.0060  0.0060
1921.792  0.0055  0.0055  0.0055
1921.875  0.0051  0.0051  0.0051
1921.958  0.0047  0.0047  0.0047
1922.042  0.0043  0.0043  0.0043
1922.125  0.0040  0.0040  0.0040
1922.208  0.0037  0.0037  0.0037
1922.292  0.0034  0.0034  0.0034
1922.375  0.0031  0.0031  0.0031
1922.458  0.0029  0.0029  0.0029
1922.542  0.0027  0.0027  0.0027
1922.625  0.0025  0.0025  0.0025
1922.708  0.0023  0.0023  0.0023
1922.792  0.0021  0.0021  0.0021
1922.875  0.0019  0.0019  0.0019
1922.958  0.0018  0.0018  0.0018
1923.042  0.0017  0.0017  0.0017
1923.125  0.0015  0.0015  0.0015
1923.208  0.0014  0.0014  0.0014
1923.292  0.0013  0.0013  0.0013
1923.375  0.0012  0.0012  0.0012
1923.458  0.0011  0.0011  0.0011
1923.542  0.0010  0.0010  0.0010
1923.625  0.0010  0.0010  0.0010
1923.708  0.0009  0.0009  0.0009
1923.792  0.0008  0.0008  0.0008
1923.875  0.0008  0.0008  0.0008
1923.958  0.0007  0.0007  0.0007
1924.042  0.0030  0.0007  0.0052
1924.125  0.0027  0.0006  0.0048
1924.208  0.0031  0.0006  0.0056
1924.292  0.0031  0.0005  0.0057
1924.375  0.0031  0.0005  0.0057
1924.458  0.0035  0.0005  0.0065
1924.542  0.0042  0.0004  0.0081
1924.625  0.0040  0.0004  0.0076
1924.708  0.0037  0.0004  0.0070
1924.792  0.0037  0.0004  0.0070
1924.875  0.0035  0.0003  0.0067
1924.958  0.0033  0.0003  0.0064
1925.042  0.0031  0.0003  0.0059
1925.125  0.0028  0.0003  0.0054
1925.208  0.0032  0.0003  0.0062
1925.292  0.0032  0.0003  0.0061
1925.375  0.0036  0.0003  0.0069
1925.458  0.0033  0.0002  0.0064
1925.542  0.0030  0.0002  0.0059
1925.625  0.0028  0.0002  0.0054
1925.708  0.0026  0.0002  0.0050
1925.792  0.0024  0.0002  0.0046
1925.875  0.0022  0.0002  0.0042
1925.958  0.0021  0.0002  0.0039
1926.042  0.0019  0.0002  0.0036
1926.125  0.0018  0.0002  0.0033
1926.208  0.0016  0.0002  0.0031
1926.292  0.0015  0.0002  0.0028
1926.375  0.0014  0.0002  0.0026
1926.458  0.0027  0.0030  0.0024
1926.542  0.0030  0.0037  0.0022
1926.625  0.0033  0.0047  0.0020
1926.708  0.0031  0.0043  0.0019
1926.792  0.0028  0.0040  0.0017
1926.875  0.0026  0.0037  0.0016
1926.958  0.0024  0.0034  0.0015
1927.042  0.0022  0.0031  0.0014
1927.125  0.0021  0.0029  0.0013
1927.208  0.0019  0.0027  0.0012
1927.292  0.0018  0.0025  0.0011
1927.375  0.0016  0.0023  0.0010
1927.458  0.0015  0.0021  0.0009
1927.542  0.0014  0.0019  0.0009
1927.625  0.0013  0.0018  0.0008
1927.708  0.0012  0.0017  0.0008
1927.792  0.0011  0.0015  0.0007
1927.875  0.0010  0.0014  0.0007
1927.958  0.0010  0.0013  0.0006
1928.042  0.0017  0.0012  0.0022
1928.125  0.0024  0.0011  0.0037
1928.208  0.0028  0.0010  0.0046
1928.292  0.0033  0.0010  0.0057
1928.375  0.0039  0.0009  0.0070
1928.458  0.0058  0.0032  0.0085
1928.542  0.0065  0.0032  0.0098
1928.625  0.0072  0.0033  0.0112
1928.708  0.0073  0.0043  0.0103
1928.792  0.0069  0.0042  0.0095
1928.875  0.0068  0.0041  0.0095
1928.958  0.0084  0.0048  0.0120
1929.042  0.0086  0.0050  0.0122
1929.125  0.0100  0.0063  0.0137
1929.208  0.0104  0.0077  0.0131
1929.292  0.0099  0.0076  0.0123
1929.375  0.0098  0.0083  0.0114
1929.458  0.0098  0.0082  0.0114
1929.542  0.0104  0.0091  0.0116
1929.625  0.0108  0.0102  0.0114
1929.708  0.0104  0.0104  0.0105
1929.792  0.0099  0.0100  0.0097
1929.875  0.0093  0.0095  0.0091
1929.958  0.0086  0.0089  0.0084
1930.042  0.0080  0.0082  0.0077
1930.125  0.0075  0.0079  0.0071
1930.208  0.0069  0.0073  0.0065
1930.292  0.0064  0.0067  0.0061
1930.375  0.0066  0.0062  0.0069
1930.458  0.0064  0.0057  0.0071
1930.542  0.0061  0.0057  0.0066
1930.625  0.0058  0.0055  0.0061
1930.708  0.0057  0.0059  0.0056
1930.792  0.0053  0.0054  0.0052
1930.875  0.0049  0.0051  0.0048
1930.958  0.0049  0.0053  0.0044
1931.042  0.0052  0.0065  0.0040
1931.125  0.0051  0.0065  0.0037
1931.208  0.0052  0.0069  0.0034
1931.292  0.0052  0.0072  0.0032
1931.375  0.0050  0.0072  0.0029
1931.458  0.0049  0.0072  0.0027
1931.542  0.0049  0.0074  0.0025
1931.625  0.0045  0.0068  0.0023
1931.708  0.0044  0.0068  0.0021
1931.792  0.0041  0.0063  0.0020
1931.875  0.0038  0.0058  0.0018
1931.958  0.0041  0.0053  0.0029
1932.042  0.0046  0.0051  0.0042
1932.125  0.0057  0.0048  0.0067
1932.208  0.0060  0.0045  0.0076
1932.292  0.0066  0.0043  0.0089
1932.375  0.0073  0.0040  0.0106
1932.458  0.0088  0.0054  0.0123
1932.542  0.0096  0.0065  0.0127
1932.625  0.0102  0.0076  0.0129
1932.708  0.0105  0.0091  0.0120
1932.792  0.0101  0.0089  0.0114
1932.875  0.0098  0.0088  0.0108
1932.958  0.0097  0.0092  0.0102
1933.042  0.0095  0.0094  0.0097
1933.125  0.0088  0.0087  0.0089
1933.208  0.0083  0.0080  0.0086
1933.292  0.0079  0.0073  0.0085
1933.375  0.0075  0.0068  0.0082
1933.458  0.0069  0.0062  0.0076
1933.542  0.0063  0.0057  0.0070
1933.625  0.0059  0.0053  0.0064
1933.708  0.0054  0.0049  0.0059
1933.792  0.0049  0.0045  0.0054
1933.875  0.0045  0.0041  0.0050
1933.958  0.0042  0.0038  0.0046
1934.042  0.0039  0.0035  0.0043
1934.125  0.0036  0.0032  0.0039
1934.208  0.0033  0.0030  0.0036
1934.292  0.0030  0.0028  0.0033
1934.375  0.0029  0.0026  0.0031
1934.458  0.0032  0.0027  0.0036
1934.542  0.0037  0.0030  0.0044
1934.625  0.0039  0.0033  0.0045
1934.708  0.0039  0.0038  0.0041
1934.792  0.0044  0.0048  0.0040
1934.875  0.0051  0.0060  0.0042
1934.958  0.0047  0.0055  0.0039
1935.042  0.0045  0.0051  0.0039
1935.125  0.0045  0.0049  0.0040
1935.208  0.0046  0.0047  0.0046
1935.292  0.0048  0.0046  0.0050
1935.375  0.0048  0.0042  0.0053
1935.458  0.0046  0.0039  0.0053
1935.542  0.0043  0.0036  0.0049
1935.625  0.0041  0.0038  0.0045
1935.708  0.0038  0.0036  0.0041
1935.792  0.0037  0.0035  0.0038
1935.875  0.0036  0.0036  0.0035
1935.958  0.0035  0.0037  0.0033
1936.042  0.0034  0.0038  0.0030
1936.125  0.0032  0.0036  0.0028
1936.208  0.0031  0.0035  0.0026
1936.292  0.0030  0.0035  0.0024
1936.375  0.0028  0.0034  0.0022
1936.458  0.0026  0.0031  0.0020
1936.542  0.0029  0.0029  0.0028
1936.625  0.0035  0.0043  0.0026
1936.708  0.0034  0.0045  0.0024
1936.792  0.0037  0.0052  0.0022
1936.875  0.0039  0.0058  0.0020
1936.958  0.0036  0.0053  0.0019
1937.042  0.0033  0.0049  0.0017
1937.125  0.0030  0.0045  0.0016
1937.208  0.0029  0.0042  0.0015
1937.292  0.0026  0.0039  0.0014
1937.375  0.0025  0.0036  0.0013
1937.458  0.0022  0.0033  0.0012
1937.542  0.0021  0.0030  0.0011
1937.625  0.0026  0.0041  0.0010
1937.708  0.0032  0.0055  0.0009
1937.792  0.0032  0.0055  0.0009
1937.875  0.0032  0.0056  0.0008
1937.958  0.0030  0.0052  0.0008
1938.042  0.0033  0.0059  0.0007
1938.125  0.0035  0.0063  0.0007
1938.208  0.0046  0.0065  0.0027
1938.292  0.0046  0.0060  0.0032
1938.375  0.0047  0.0061  0.0034
1938.458  0.0049  0.0061  0.0038
1938.542  0.0055  0.0063  0.0047
1938.625  0.0055  0.0068  0.0043
1938.708  0.0057  0.0074  0.0040
1938.792  0.0059  0.0081  0.0037
1938.875  0.0055  0.0076  0.0034
1938.958  0.0052  0.0070  0.0033
1939.042  0.0047  0.0064  0.0030
1939.125  0.0044  0.0059  0.0028
1939.208  0.0049  0.0055  0.0043
1939.292  0.0047  0.0050  0.0044
1939.375  0.0046  0.0046  0.0046
1939.458  0.0046  0.0043  0.0049
1939.542  0.0042  0.0040  0.0045
1939.625  0.0039  0.0036  0.0042
1939.708  0.0036  0.0034  0.0038
1939.792  0.0033  0.0031  0.0035
1939.875  0.0031  0.0029  0.0033
1939.958  0.0032  0.0026  0.0037
1940.042  0.0034  0.0024  0.0045
1940.125  0.0036  0.0022  0.0050
1940.208  0.0037  0.0021  0.0053
1940.292  0.0034  0.0019  0.0049
1940.375  0.0033  0.0018  0.0047
1940.458  0.0031  0.0016  0.0046
1940.542  0.0030  0.0015  0.0044
1940.625  0.0027  0.0014  0.0041
1940.708  0.0033  0.0028  0.0038
1940.792  0.0030  0.0026  0.0035
1940.875  0.0030  0.0028  0.0032
1940.958  0.0028  0.0026  0.0030
1941.042  0.0026  0.0024  0.0027
1941.125  0.0023  0.0022  0.0025
1941.208  0.0022  0.0020  0.0023
1941.292  0.0020  0.0019  0.0022
1941.375  0.0019  0.0017  0.0020
1941.458  0.0017  0.0016  0.0018
1941.542  0.0016  0.0015  0.0017
1941.625  0.0015  0.0014  0.0016
1941.708  0.0021  0.0027  0.0015
1941.792  0.0019  0.0025  0.0013
1941.875  0.0018  0.0023  0.0012
1941.958  0.0017  0.0021  0.0012
1942.042  0.0026  0.0041  0.0011
1942.125  0.0029  0.0047  0.0010
1942.208  0.0030  0.0052  0.0009
1942.292  0.0031  0.0053  0.0009
1942.375  0.0034  0.0061  0.0008
1942.458  0.0035  0.0063  0.0007
1942.542  0.0037  0.0067  0.0007
1942.625  0.0038  0.0070  0.0006
1942.708  0.0063  0.0121  0.0006
1942.792  0.0061  0.0117  0.0006
1942.875  0.0060  0.0114  0.0005
1942.958  0.0060  0.0116  0.0005
1943.042  0.0061  0.0117  0.0005
1943.125  0.0056  0.0108  0.0004
1943.208  0.0052  0.0099  0.0004
1943.292  0.0048  0.0091  0.0004
1943.375  0.0044  0.0084  0.0004
1943.458  0.0040  0.0077  0.0003
1943.542  0.0039  0.0076  0.0003
1943.625  0.0039  0.0076  0.0003
1943.708  0.0041  0.0079  0.0003
1943.792  0.0038  0.0073  0.0003
1943.875  0.0035  0.0067  0.0003
1943.958  0.0032  0.0062  0.0002
1944.042  0.0030  0.0057  0.0002
1944.125  0.0027  0.0052  0.0002
1944.208  0.0025  0.0048  0.0002
1944.292  0.0023  0.0045  0.0002
1944.375  0.0022  0.0041  0.0002
1944.458  0.0020  0.0038  0.0002
1944.542  0.0019  0.0036  0.0002
1944.625  0.0022  0.0042  0.0002
1944.708  0.0025  0.0048  0.0002
1944.792  0.0025  0.0047  0.0002
1944.875  0.0023  0.0043  0.0002
1944.958  0.0021  0.0040  0.0002
1945.042  0.0025  0.0047  0.0002
1945.125  0.0027  0.0052  0.0002
1945.208  0.0030  0.0057  0.0002
1945.292  0.0028  0.0053  0.0002
1945.375  0.0025  0.0048  0.0002
1945.458  0.0023  0.0045  0.0002
1945.542  0.0022  0.0041  0.0002
1945.625  0.0020  0.0038  0.0002
1945.708  0.0019  0.0035  0.0002
1945.792  0.0017  0.0032  0.0002
1945.875  0.0016  0.0030  0.0002
1945.958  0.0014  0.0027  0.0002
1946.042  0.0016  0.0030  0.0002
1946.125  0.0015  0.0028  0.0002
1946.208  0.0014  0.0026  0.0002
1946.292  0.0014  0.0025  0.0002
1946.375  0.0015  0.0028  0.0002
1946.458  0.0026  0.0026  0.0026
1946.542  0.0024  0.0024  0.0024
1946.625  0.0022  0.0022  0.0022
1946.708  0.0020  0.0020  0.0020
1946.792  0.0019  0.0019  0.0019
1946.875  0.0017  0.0017  0.0017
1946.958  0.0016  0.0016  0.0016
1947.042  0.0015  0.0015  0.0015
1947.125  0.0014  0.0014  0.0014
1947.208  0.0013  0.0013  0.0013
1947.292  0.0012  0.0012  0.0012
1947.375  0.0011  0.0011  0.0011
1947.458  0.0010  0.0010  0.0010
1947.542  0.0037  0.0065  0.0009
1947.625  0.0036  0.0063  0.0009
1947.708  0.0035  0.0062  0.0008
1947.792  0.0033  0.0057  0.0008
1947.875  0.0030  0.0053  0.0007
1947.958  0.0028  0.0049  0.0007
1948.042  0.0025  0.0045  0.0006
1948.125  0.0023  0.0041  0.0006
1948.208  0.0022  0.0038  0.0005
1948.292  0.0020  0.0035  0.0005
1948.375  0.0019  0.0032  0.0005
1948.458  0.0017  0.0030  0.0004
1948.542  0.0016  0.0028  0.0004
1948.625  0.0015  0.0025  0.0004
1948.708  0.0014  0.0023  0.0004
1948.792  0.0012  0.0022  0.0003
1948.875  0.0012  0.0020  0.0003
1948.958  0.0010  0.0018  0.0003
1949.042  0.0010  0.0017  0.0003
1949.125  0.0013  0.0023  0.0003
1949.208  0.0026  0.0023  0.0028
1949.292  0.0027  0.0023  0.0032
1949.375  0.0032  0.0021  0.0043
1949.458  0.0038  0.0026  0.0049
1949.542  0.0043  0.0033  0.0052
1949.625  0.0045  0.0042  0.0048
1949.708  0.0044  0.0043  0.0044
1949.792  0.0041  0.0040  0.0042
1949.875  0.0038  0.0037  0.0039
1949.958  0.0035  0.0034  0.0036
1950.042  0.0034  0.0031  0.0036
1950.125  0.0031  0.0029  0.0033
1950.208  0.0029  0.0026  0.0031
1950.292  0.0029  0.0024  0.0034
1950.375  0.0036  0.0023  0.0049
1950.458  0.0033  0.0021  0.0046
1950.542  0.0030  0.0019  0.0042
1950.625  0.0029  0.0018  0.0039
1950.708  0.0026  0.0016  0.0036
1950.792  0.0024  0.0015  0.0033
1950.875  0.0022  0.0014  0.0031
1950.958  0.0021  0.0013  0.0028
1951.042  0.0019  0.0012  0.0026
1951.125  0.0017  0.0011  0.0024
1951.208  0.0016  0.0010  0.0022
1951.292  0.0016  0.0010  0.0021
1951.375  0.0014  0.0009  0.0019
1951.458  0.0013  0.0008  0.0018
1951.542  0.0012  0.0008  0.0016
1951.625  0.0011  0.0007  0.0015
1951.708  0.0025  0.0035  0.0014
1951.792  0.0034  0.0055  0.0013
1951.875  0.0031  0.0051  0.0012
1951.958  0.0029  0.0048  0.0011
1952.042  0.0040  0.0070  0.0010
1952.125  0.0042  0.0075  0.0009
1952.208  0.0039  0.0069  0.0009
1952.292  0.0039  0.0069  0.0008
1952.375  0.0039  0.0070  0.0008
1952.458  0.0037  0.0067  0.0007
1952.542  0.0037  0.0066  0.0007
1952.625  0.0036  0.0066  0.0006
1952.708  0.0037  0.0068  0.0006
1952.792  0.0034  0.0063  0.0005
1952.875  0.0032  0.0058  0.0005
1952.958  0.0029  0.0053  0.0005
1953.042  0.0027  0.0049  0.0004
1953.125  0.0025  0.0045  0.0004
1953.208  0.0023  0.0042  0.0004
1953.292  0.0021  0.0038  0.0004
1953.375  0.0021  0.0040  0.0003
1953.458  0.0034  0.0064  0.0003
1953.542  0.0034  0.0065  0.0003
1953.625  0.0040  0.0077  0.0003
1953.708  0.0046  0.0089  0.0003
1953.792  0.0045  0.0087  0.0003
1953.875  0.0044  0.0087  0.0002
1953.958  0.0047  0.0092  0.0002
1954.042  0.0049  0.0096  0.0002
1954.125  0.0047  0.0093  0.0002
1954.208  0.0047  0.0092  0.0002
1954.292  0.0043  0.0085  0.0002
1954.375  0.0040  0.0078  0.0002
1954.458  0.0037  0.0072  0.0002
1954.542  0.0034  0.0066  0.0002
1954.625  0.0032  0.0061  0.0002
1954.708  0.0029  0.0056  0.0002
1954.792  0.0027  0.0052  0.0002
1954.875  0.0025  0.0048  0.0002
1954.958  0.0023  0.0044  0.0002
1955.042  0.0022  0.0041  0.0002
1955.125  0.0019  0.0037  0.0002
1955.208  0.0018  0.0034  0.0002
1955.292  0.0017  0.0032  0.0002
1955.375  0.0015  0.0029  0.0002
1955.458  0.0014  0.0027  0.0002
1955.542  0.0014  0.0025  0.0002
1955.625  0.0016  0.0030  0.0002
1955.708  0.0023  0.0043  0.0002
1955.792  0.0021  0.0040  0.0002
1955.875  0.0019  0.0037  0.0002
1955.958  0.0018  0.0034  0.0002
1956.042  0.0016  0.0031  0.0002
1956.125  0.0015  0.0029  0.0002
1956.208  0.0014  0.0026  0.0002
1956.292  0.0013  0.0024  0.0002
1956.375  0.0012  0.0023  0.0002
1956.458  0.0012  0.0021  0.0002
1956.542  0.0010  0.0019  0.0002
1956.625  0.0010  0.0018  0.0002
1956.708  0.0009  0.0016  0.0002
1956.792  0.0009  0.0015  0.0002
1956.875  0.0008  0.0014  0.0002
1956.958  0.0008  0.0013  0.0002
1957.042  0.0007  0.0012  0.0002
1957.125  0.0007  0.0011  0.0002
1957.208  0.0006  0.0010  0.0002
1957.292  0.0006  0.0010  0.0002
1957.375  0.0005  0.0009  0.0002
1957.458  0.0005  0.0008  0.0002
1957.542  0.0005  0.0008  0.0002
1957.625  0.0005  0.0007  0.0002
1957.708  0.0005  0.0007  0.0002
1957.792  0.0004  0.0006  0.0002
1957.875  0.0004  0.0006  0.0002
1957.958  0.0003  0.0005  0.0002
1958.042  0.0003  0.0005  0.0002
1958.125  0.0003  0.0005  0.0002
1958.208  0.0003  0.0004  0.0002
1958.292  0.0003  0.0004  0.0002
1958.375  0.0003  0.0004  0.0002
1958.458  0.0003  0.0004  0.0002
1958.542  0.0002  0.0003  0.0002
1958.625  0.0002  0.0003  0.0002
1958.708  0.0002  0.0003  0.0002
1958.792  0.0002  0.0003  0.0002
1958.875  0.0002  0.0003  0.0002
1958.958  0.0002  0.0003  0.0002
1959.042  0.0002  0.0002  0.0002
1959.125  0.0002  0.0002  0.0002
1959.208  0.0002  0.0002  0.0002
1959.292  0.0002  0.0002  0.0002
1959.375  0.0002  0.0002  0.0002
1959.458  0.0002  0.0002  0.0002
1959.542  0.0002  0.0002  0.0002
1959.625  0.0002  0.0002  0.0002
1959.708  0.0002  0.0002  0.0002
1959.792  0.0002  0.0002  0.0002
1959.875  0.0002  0.0002  0.0002
1959.958  0.0002  0.0002  0.0002
1960.042  0.0002  0.0002  0.0002
1960.125  0.0002  0.0002  0.0002
1960.208  0.0002  0.0002  0.0002
1960.292  0.0015  0.0016  0.0015
1960.375  0.0028  0.0029  0.0027
1960.458  0.0042  0.0044  0.0041
1960.542  0.0057  0.0059  0.0055
1960.625  0.0070  0.0072  0.0068
1960.708  0.0084  0.0087  0.0082
1960.792  0.0084  0.0087  0.0082
1960.875  0.0084  0.0087  0.0082
1960.958  0.0084  0.0087  0.0082
1961.042  0.0078  0.0080  0.0075
1961.125  0.0086  0.0100  0.0073
1961.208  0.0115  0.0160  0.0071
1961.292  0.0126  0.0183  0.0068
1961.375  0.0116  0.0169  0.0063
1961.458  0.0112  0.0157  0.0066
1961.542  0.0104  0.0146  0.0061
1961.625  0.0107  0.0137  0.0077
1961.708  0.0118  0.0130  0.0106
1961.792  0.0116  0.0123  0.0109
1961.875  0.0112  0.0117  0.0108
1961.958  0.0103  0.0108  0.0099
1962.042  0.0095  0.0099  0.0091
1962.125  0.0090  0.0093  0.0088
1962.208  0.0138  0.0089  0.0186
1962.292  0.0151  0.0090  0.0212
1962.375  0.0141  0.0087  0.0195
1962.458  0.0132  0.0085  0.0180
1962.542  0.0134  0.0091  0.0176
1962.625  0.0160  0.0108  0.0212
1962.708  0.0147  0.0100  0.0195
1962.792  0.0143  0.0107  0.0179
1962.875  0.0134  0.0103  0.0165
1962.958  0.0125  0.0098  0.0152
1963.042  0.0122  0.0103  0.0140
1963.125  0.0119  0.0110  0.0129
1963.208  0.0123  0.0128  0.0119
1963.292  0.0173  0.0128  0.0217
1963.375  0.0338  0.0156  0.0520
1963.458  0.0470  0.0169  0.0771
1963.542  0.0516  0.0204  0.0827
1963.625  0.0562  0.0252  0.0872
1963.708  0.0605  0.0263  0.0946
1963.792  0.0754  0.0306  0.1202
1963.875  0.0885  0.0365  0.1406
1963.958  0.0849  0.0379  0.1319
1964.042  0.0798  0.0381  0.1215
1964.125  0.0746  0.0373  0.1118
1964.208  0.0696  0.0363  0.1029
1964.292  0.0668  0.0380  0.0955
1964.375  0.0667  0.0393  0.0941
1964.458  0.0700  0.0407  0.0994
1964.542  0.0798  0.0432  0.1165
1964.625  0.0797  0.0424  0.1170
1964.708  0.0743  0.0409  0.1076
1964.792  0.0695  0.0400  0.0990
1964.875  0.0662  0.0407  0.0916
1964.958  0.0633  0.0416  0.0851
1965.042  0.0600  0.0412  0.0789
1965.125  0.0567  0.0407  0.0726
1965.208  0.0531  0.0393  0.0668
1965.292  0.0493  0.0372  0.0615
1965.375  0.0466  0.0366  0.0566
1965.458  0.0435  0.0349  0.0522
1965.542  0.0406  0.0331  0.0480
1965.625  0.0374  0.0307  0.0442
1965.708  0.0347  0.0287  0.0407
1965.792  0.0325  0.0275  0.0374
1965.875  0.0312  0.0270  0.0354
1965.958  0.0326  0.0276  0.0376
1966.042  0.0327  0.0298  0.0356
1966.125  0.0307  0.0283  0.0330
1966.208  0.0288  0.0269  0.0306
1966.292  0.0269  0.0254  0.0284
1966.375  0.0252  0.0240  0.0264
1966.458  0.0236  0.0226  0.0245
1966.542  0.0220  0.0213  0.0228
1966.625  0.0206  0.0199  0.0212
1966.708  0.0191  0.0186  0.0196
1966.792  0.0177  0.0173  0.0182
1966.875  0.0164  0.0160  0.0168
1966.958  0.0151  0.0148  0.0154
1967.042  0.0139  0.0136  0.0142
1967.125  0.0128  0.0125  0.0131
1967.208  0.0118  0.0115  0.0120
1967.292  0.0108  0.0106  0.0111
1967.375  0.0112  0.0113  0.0112
1967.458  0.0126  0.0130  0.0123
1967.542  0.0142  0.0147  0.0137
1967.625  0.0159  0.0164  0.0154
1967.708  0.0176  0.0182  0.0170
1967.792  0.0192  0.0199  0.0186
1967.875  0.0177  0.0183  0.0171
1967.958  0.0163  0.0169  0.0157
1968.042  0.0150  0.0155  0.0145
1968.125  0.0138  0.0143  0.0134
1968.208  0.0127  0.0131  0.0123
1968.292  0.0117  0.0121  0.0113
1968.375  0.0142  0.0147  0.0137
1968.458  0.0209  0.0216  0.0202
1968.542  0.0276  0.0285  0.0266
1968.625  0.0342  0.0354  0.0330
1968.708  0.0409  0.0423  0.0395
1968.792  0.0475  0.0491  0.0459
1968.875  0.0459  0.0475  0.0444
1968.958  0.0445  0.0460  0.0429
1969.042  0.0429  0.0443  0.0414
1969.125  0.0414  0.0428  0.0400
1969.208  0.0398  0.0411  0.0384
1969.292  0.0383  0.0396  0.0370
1969.375  0.0367  0.0380  0.0354
1969.458  0.0351  0.0363  0.0339
1969.542  0.0336  0.0348  0.0325
1969.625  0.0320  0.0331  0.0310
1969.708  0.0306  0.0316  0.0295
1969.792  0.0290  0.0299  0.0280
1969.875  0.0275  0.0284  0.0265
1969.958  0.0259  0.0268  0.0250
1970.042  0.0243  0.0251  0.0235
1970.125  0.0228  0.0236  0.0220
1970.208  0.0212  0.0220  0.0205
1970.292  0.0197  0.0204  0.0191
1970.375  0.0182  0.0188  0.0176
1970.458  0.0167  0.0173  0.0161
1970.542  0.0154  0.0159  0.0149
1970.625  0.0142  0.0147  0.0137
1970.708  0.0130  0.0135  0.0126
1970.792  0.0120  0.0124  0.0116
1970.875  0.0111  0.0114  0.0107
1970.958  0.0102  0.0105  0.0098
1971.042  0.0094  0.0097  0.0091
1971.125  0.0086  0.0089  0.0083
1971.208  0.0079  0.0082  0.0077
1971.292  0.0073  0.0076  0.0071
1971.375  0.0067  0.0070  0.0065
1971.458  0.0062  0.0064  0.0060
1971.542  0.0057  0.0059  0.0055
1971.625  0.0053  0.0055  0.0051
1971.708  0.0058  0.0058  0.0058
1971.792  0.0054  0.0054  0.0054
1971.875  0.0049  0.0049  0.0049
1971.958  0.0046  0.0046  0.0046
1972.042  0.0042  0.0042  0.0042
1972.125  0.0039  0.0039  0.0039
1972.208  0.0036  0.0036  0.0036
1972.292  0.0033  0.0033  0.0033
1972.375  0.0030  0.0030  0.0030
1972.458  0.0030  0.0030  0.0030
1972.542  0.0034  0.0034  0.0034
1972.625  0.0038  0.0038  0.0038
1972.708  0.0042  0.0042  0.0042
1972.792  0.0045  0.0045  0.0045
1972.875  0.0049  0.0049  0.0049
1972.958  0.0053  0.0053  0.0053
1973.042  0.0057  0.0057  0.0057
1973.125  0.0061  0.0061  0.0061
1973.208  0.0065  0.0065  0.0065
1973.292  0.0068  0.0068  0.0068
1973.375  0.0072  0.0072  0.0072
1973.458  0.0076  0.0076  0.0076
1973.542  0.0080  0.0080  0.0080
1973.625  0.0084  0.0084  0.0084
1973.708  0.0087  0.0087  0.0087
1973.792  0.0091  0.0091  0.0091
1973.875  0.0095  0.0095  0.0095
1973.958  0.0099  0.0099  0.0099
1974.042  0.0103  0.0103  0.0103
1974.125  0.0107  0.0107  0.0107
1974.208  0.0110  0.0110  0.0110
1974.292  0.0114  0.0114  0.0114
1974.375  0.0118  0.0118  0.0118
1974.458  0.0122  0.0122  0.0122
1974.542  0.0126  0.0126  0.0126
1974.625  0.0130  0.0130  0.0130
1974.708  0.0133  0.0133  0.0133
1974.792  0.0137  0.0137  0.0137
1974.875  0.0141  0.0141  0.0141
1974.958  0.0184  0.0184  0.0184
1975.042  0.0228  0.0228  0.0228
1975.125  0.0271  0.0271  0.0271
1975.208  0.0314  0.0314  0.0314
1975.292  0.0358  0.0358  0.0358
1975.375  0.0401  0.0401  0.0401
1975.458  0.0369  0.0369  0.0369
1975.542  0.0340  0.0340  0.0340
1975.625  0.0313  0.0313  0.0313
1975.708  0.0288  0.0288  0.0288
1975.792  0.0265  0.0265  0.0265
1975.875  0.0244  0.0244  0.0244
1975.958  0.0224  0.0224  0.0224
1976.042  0.0206  0.0206  0.0206
1976.125  0.0190  0.0190  0.0190
1976.208  0.0175  0.0175  0.0175
1976.292  0.0161  0.0161  0.0161
1976.375  0.0148  0.0148  0.0148
1976.458  0.0136  0.0136  0.0136
1976.542  0.0126  0.0126  0.0126
1976.625  0.0116  0.0116  0.0116
1976.708  0.0106  0.0106  0.0106
1976.792  0.0098  0.0098  0.0098
1976.875  0.0090  0.0090  0.0090
1976.958  0.0083  0.0083  0.0083
1977.042  0.0077  0.0077  0.0077
1977.125  0.0071  0.0071  0.0071
1977.208  0.0065  0.0065  0.0065
1977.292  0.0060  0.0060  0.0060
1977.375  0.0055  0.0055  0.0055
1977.458  0.0051  0.0051  0.0051
1977.542  0.0047  0.0047  0.0047
1977.625  0.0043  0.0043  0.0043
1977.708  0.0040  0.0040  0.0040
1977.792  0.0037  0.0037  0.0037
1977.875  0.0034  0.0034  0.0034
1977.958  0.0031  0.0031  0.0031
1978.042  0.0029  0.0029  0.0029
1978.125  0.0027  0.0027  0.0027
1978.208  0.0025  0.0025  0.0025
1978.292  0.0029  0.0029  0.0029
1978.375  0.0048  0.0048  0.0048
1978.458  0.0066  0.0066  0.0066
1978.542  0.0084  0.0084  0.0084
1978.625  0.0103  0.0103  0.0103
1978.708  0.0121  0.0121  0.0121
1978.792  0.0123  0.0123  0.0123
1978.875  0.0124  0.0124  0.0124
1978.958  0.0126  0.0126  0.0126
1979.042  0.0128  0.0128  0.0128
1979.125  0.0129  0.0129  0.0129
1979.208  0.0119  0.0119  0.0119
1979.292  0.0109  0.0109  0.0109
1979.375  0.0101  0.0101  0.0101
1979.458  0.0093  0.0093  0.0093
1979.542  0.0085  0.0085  0.0085
1979.625  0.0079  0.0079  0.0079
1979.708  0.0072  0.0072  0.0072
1979.792  0.0067  0.0067  0.0067
1979.875  0.0061  0.0061  0.0061
1979.958  0.0057  0.0057  0.0057
1980.042  0.0052  0.0052  0.0052
1980.125  0.0048  0.0048  0.0048
1980.208  0.0044  0.0044  0.0044
1980.292  0.0041  0.0041  0.0041
1980.375  0.0038  0.0038  0.0038
1980.458  0.0039  0.0043  0.0035
1980.542  0.0044  0.0056  0.0032
1980.625  0.0049  0.0066  0.0032
1980.708  0.0051  0.0069  0.0033
1980.792  0.0052  0.0069  0.0035
1980.875  0.0054  0.0066  0.0042
1980.958  0.0052  0.0062  0.0042
1981.042  0.0051  0.0060  0.0043
1981.125  0.0049  0.0056  0.0043
1981.208  0.0047  0.0052  0.0043
1981.292  0.0045  0.0048  0.0043
1981.375  0.0044  0.0044  0.0043
1981.458  0.0049  0.0053  0.0045
1981.542  0.0055  0.0062  0.0049
1981.625  0.0055  0.0058  0.0052
1981.708  0.0051  0.0054  0.0049
1981.792  0.0051  0.0055  0.0047
1981.875  0.0051  0.0056  0.0047
1981.958  0.0051  0.0056  0.0047
1982.042  0.0057  0.0062  0.0052
1982.125  0.0057  0.0062  0.0052
1982.208  0.0057  0.0062  0.0052
1982.292  0.0245  0.0438  0.0051
1982.375  0.0427  0.0800  0.0054
1982.458  0.0534  0.0954  0.0114
1982.542  0.0681  0.1118  0.0245
1982.625  0.0741  0.1157  0.0325
1982.708  0.0782  0.1174  0.0390
1982.792  0.0843  0.1214  0.0472
1982.875  0.0901  0.1255  0.0548
1982.958  0.0978  0.1338  0.0618
1983.042  0.0960  0.1304  0.0615
1983.125  0.0939  0.1270  0.0607
1983.208  0.0959  0.1329  0.0590
1983.292  0.0912  0.1247  0.0577
1983.375  0.0863  0.1165  0.0561
1983.458  0.0794  0.1072  0.0516
1983.542  0.0731  0.0987  0.0475
1983.625  0.0673  0.0908  0.0437
1983.708  0.0619  0.0835  0.0403
1983.792  0.0569  0.0769  0.0370
1983.875  0.0524  0.0707  0.0341
1983.958  0.0486  0.0651  0.0322
1984.042  0.0451  0.0599  0.0303
1984.125  0.0416  0.0551  0.0281
1984.208  0.0383  0.0507  0.0258
1984.292  0.0352  0.0467  0.0238
1984.375  0.0324  0.0429  0.0219
1984.458  0.0302  0.0395  0.0208
1984.542  0.0282  0.0363  0.0200
1984.625  0.0260  0.0335  0.0184
1984.708  0.0239  0.0308  0.0170
1984.792  0.0220  0.0283  0.0156
1984.875  0.0202  0.0261  0.0144
1984.958  0.0188  0.0240  0.0136
1985.042  0.0164  0.0178  0.0150
1985.125  0.0160  0.0175  0.0144
1985.208  0.0141  0.0146  0.0135
1985.292  0.0138  0.0141  0.0135
1985.375  0.0128  0.0128  0.0129
1985.458  0.0126  0.0118  0.0133
1985.542  0.0121  0.0109  0.0133
1985.625  0.0116  0.0108  0.0124
1985.708  0.0102  0.0107  0.0098
1985.792  0.0101  0.0106  0.0095
1985.875  0.0097  0.0106  0.0089
1985.958  0.0122  0.0139  0.0104
1986.042  0.0146  0.0176  0.0115
1986.125  0.0158  0.0203  0.0112
1986.208  0.0144  0.0164  0.0124
1986.292  0.0147  0.0171  0.0122
1986.375  0.0140  0.0157  0.0124
1986.458  0.0130  0.0136  0.0124
1986.542  0.0128  0.0116  0.0141
1986.625  0.0140  0.0113  0.0168
1986.708  0.0126  0.0126  0.0127
1986.792  0.0126  0.0133  0.0118
1986.875  0.0123  0.0133  0.0113
1986.958  0.0120  0.0135  0.0104
1987.042  0.0118  0.0146  0.0090
1987.125  0.0111  0.0136  0.0086
1987.208  0.0109  0.0124  0.0093
1987.292  0.0104  0.0116  0.0092
1987.375  0.0101  0.0114  0.0088
1987.458  0.0105  0.0106  0.0104
1987.542  0.0108  0.0095  0.0120
1987.625  0.0108  0.0094  0.0122
1987.708  0.0104  0.0100  0.0108
1987.792  0.0094  0.0097  0.0090
1987.875  0.0089  0.0097  0.0082
1987.958  0.0089  0.0093  0.0085
1988.042  0.0085  0.0092  0.0079
1988.125  0.0088  0.0099  0.0077
1988.208  0.0078  0.0079  0.0077
1988.292  0.0074  0.0074  0.0074
1988.375  0.0071  0.0067  0.0074
1988.458  0.0071  0.0059  0.0083
1988.542  0.0080  0.0054  0.0105
1988.625  0.0096  0.0056  0.0135
1988.708  0.0069  0.0062  0.0077
1988.792  0.0065  0.0060  0.0071
1988.875  0.0068  0.0062  0.0073
1988.958  0.0068  0.0064  0.0073
1989.042  0.0072  0.0077  0.0067
1989.125  0.0064  0.0063  0.0064
1989.208  0.0062  0.0057  0.0067
1989.292  0.0060  0.0058  0.0062
1989.375  0.0047  0.0051  0.0043
1989.458  0.0057  0.0051  0.0063
1989.542  0.0067  0.0048  0.0086
1989.625  0.0083  0.0045  0.0120
1989.708  0.0062  0.0049  0.0074
1989.792  0.0054  0.0050  0.0058
1989.875  0.0055  0.0053  0.0056
1989.958  0.0054  0.0053  0.0054
1990.042  0.0059  0.0069  0.0049
1990.125  0.0074  0.0096  0.0053
1990.208  0.0062  0.0053  0.0071
1990.292  0.0044  0.0039  0.0049
1990.375  0.0044  0.0048  0.0039
1990.458  0.0060  0.0047  0.0072
1990.542  0.0073  0.0047  0.0099
1990.625  0.0074  0.0049  0.0100
1990.708  0.0068  0.0051  0.0084
1990.792  0.0058  0.0052  0.0064
1990.875  0.0060  0.0054  0.0065
1990.958  0.0060  0.0055  0.0064
1991.042  0.0060  0.0059  0.0060
1991.125  0.0057  0.0055  0.0058
1991.208  0.0055  0.0049  0.0062
1991.292  0.0053  0.0048  0.0057
1991.375  0.0053  0.0046  0.0061
1991.458  0.0179  0.0205  0.0153
1991.542  0.0377  0.0402  0.0353
1991.625  0.0710  0.0668  0.0751
1991.708  0.0964  0.0958  0.0970
1991.792  0.1197  0.1187  0.1208
1991.875  0.1380  0.1281  0.1480
1991.958  0.1385  0.1468  0.1301
1992.042  0.1483  0.1627  0.1338
1992.125  0.1494  0.1691  0.1298
1992.208  0.1428  0.1585  0.1270
1992.292  0.1386  0.1456  0.1317
1992.375  0.1379  0.1424  0.1333
1992.458  0.1265  0.1199  0.1332
1992.542  0.1228  0.1155  0.1300
1992.625  0.1141  0.1068  0.1214
1992.708  0.1044  0.1021  0.1068
1992.792  0.0978  0.0975  0.0982
1992.875  0.0918  0.0914  0.0921
1992.958  0.0793  0.0823  0.0763
1993.042  0.0743  0.0780  0.0705
1993.125  0.0661  0.0688  0.0634
1993.208  0.0608  0.0619  0.0596
1993.292  0.0559  0.0562  0.0556
1993.375  0.0525  0.0495  0.0554
1993.458  0.0482  0.0426  0.0537
1993.542  0.0445  0.0365  0.0525
1993.625  0.0425  0.0356  0.0495
1993.708  0.0394  0.0341  0.0447
1993.792  0.0376  0.0324  0.0428
1993.875  0.0350  0.0308  0.0393
1993.958  0.0312  0.0294  0.0330
1994.042  0.0285  0.0279  0.0291
1994.125  0.0265  0.0262  0.0268
1994.208  0.0238  0.0235  0.0240
1994.292  0.0218  0.0219  0.0216
1994.375  0.0205  0.0193  0.0217
1994.458  0.0185  0.0165  0.0205
1994.542  0.0179  0.0151  0.0208
1994.625  0.0173  0.0153  0.0192
1994.708  0.0161  0.0144  0.0178
1994.792  0.0166  0.0147  0.0184
1994.875  0.0159  0.0149  0.0169
1994.958  0.0160  0.0160  0.0159
1995.042  0.0120  0.0113  0.0127
1995.125  0.0117  0.0112  0.0122
1995.208  0.0109  0.0108  0.0111
1995.292  0.0100  0.0099  0.0101
1995.375  0.0100  0.0091  0.0108
1995.458  0.0093  0.0083  0.0103
1995.542  0.0094  0.0077  0.0112
1995.625  0.0087  0.0071  0.0104
1995.708  0.0085  0.0065  0.0104
1995.792  0.0088  0.0069  0.0107
1995.875  0.0086  0.0075  0.0097
1995.958  0.0077  0.0072  0.0082
1996.042  0.0074  0.0073  0.0075
1996.125  0.0072  0.0071  0.0073
1996.208  0.0068  0.0071  0.0065
1996.292  0.0063  0.0069  0.0057
1996.375  0.0067  0.0063  0.0070
1996.458  0.0060  0.0059  0.0062
1996.542  0.0066  0.0056  0.0076
1996.625  0.0062  0.0054  0.0071
1996.708  0.0059  0.0049  0.0070
1996.792  0.0064  0.0054  0.0073
1996.875  0.0064  0.0058  0.0071
1996.958  0.0061  0.0056  0.0065
1997.042  0.0060  0.0061  0.0059
1997.125  0.0057  0.0056  0.0058
1997.208  0.0053  0.0054  0.0052
1997.292  0.0052  0.0055  0.0049
1997.375  0.0055  0.0049  0.0061
1997.458  0.0050  0.0044  0.0055
1997.542  0.0054  0.0046  0.0062
1997.625  0.0051  0.0048  0.0054
1997.708  0.0053  0.0041  0.0065
1997.792  0.0051  0.0045  0.0057
1997.875  0.0047  0.0042  0.0052
1997.958  0.0043  0.0038  0.0048
1998.042  0.0040  0.0035  0.0044
1998.125  0.0037  0.0032  0.0041
1998.208  0.0034  0.0030  0.0038
1998.292  0.0031  0.0028  0.0035
1998.375  0.0029  0.0026  0.0032
1998.458  0.0027  0.0024  0.0030
1998.542  0.0025  0.0023  0.0028
1998.625  0.0024  0.0022  0.0026
1998.708  0.0023  0.0021  0.0025
1998.792  0.0022  0.0021  0.0024
1998.875  0.0022  0.0021  0.0023
1998.958  0.0022  0.0021  0.0023
1999.042  0.0022  0.0021  0.0023
1999.125  0.0022  0.0021  0.0022
1999.208  0.0021  0.0021  0.0022
1999.292  0.0021  0.0021  0.0022
1999.375  0.0021  0.0021  0.0022
1999.458  0.0021  0.0021  0.0022
1999.542  0.0021  0.0021  0.0022
1999.625  0.0021  0.0021  0.0022
1999.708  0.0021  0.0021  0.0022
1999.792  0.0021  0.0021  0.0022
1999.875  0.0021  0.0021  0.0022
1999.958  0.0021  0.0021  0.0022
2000.042  0.0021  0.0021  0.0022
2000.125  0.0021  0.0021  0.0022
2000.208  0.0021  0.0021  0.0022
2000.292  0.0021  0.0021  0.0022
2000.375  0.0021  0.0021  0.0022
2000.458  0.0021  0.0021  0.0022
2000.542  0.0021  0.0021  0.0022
2000.625  0.0021  0.0021  0.0022
2000.708  0.0021  0.0021  0.0022
2000.792  0.0021  0.0021  0.0022
2000.875  0.0021  0.0021  0.0022
2000.958  0.0021  0.0021  0.0022
2001.042  0.0021  0.0021  0.0022
2001.125  0.0021  0.0021  0.0022
2001.208  0.0021  0.0021  0.0022
2001.292  0.0021  0.0021  0.0022
2001.375  0.0021  0.0021  0.0022
2001.458  0.0021  0.0021  0.0022
2001.542  0.0021  0.0021  0.0022
2001.625  0.0021  0.0021  0.0022
2001.708  0.0021  0.0021  0.0022
2001.792  0.0021  0.0021  0.0022
2001.875  0.0021  0.0021  0.0022
2001.958  0.0022  0.0021  0.0023
2002.042  0.0021  0.0020  0.0022
2002.125  0.0021  0.0020  0.0022
2002.208  0.0020  0.0019  0.0021
2002.292  0.0020  0.0019  0.0022
2002.375  0.0019  0.0016  0.0022
2002.458  0.0019  0.0015  0.0023
2002.542  0.0016  0.0009  0.0023
2002.625  0.0021  0.0019  0.0024
2002.708  0.0022  0.0019  0.0024
2002.792  0.0022  0.0021  0.0024
2002.875  0.0024  0.0023  0.0025
2002.958  0.0026  0.0026  0.0026
2003.042  0.0028  0.0029  0.0026
2003.125  0.0028  0.0028  0.0029
2003.208  0.0026  0.0026  0.0027
2003.292  0.0026  0.0026  0.0027
2003.375  0.0025  0.0023  0.0027
2003.458  0.0025  0.0022  0.0027
2003.542  0.0026  0.0024  0.0028
2003.625  0.0028  0.0028  0.0028
2003.708  0.0029  0.0030  0.0029
2003.792  0.0028  0.0029  0.0028
2003.875  0.0028  0.0029  0.0028
2003.958  0.0027  0.0027  0.0027
2004.042  0.0025  0.0025  0.0026
2004.125  0.0024  0.0023  0.0024
2004.208  0.0024  0.0023  0.0025
2004.292  0.0024  0.0023  0.0025
2004.375  0.0022  0.0021  0.0024
2004.458  0.0022  0.0020  0.0025
2004.542  0.0023  0.0021  0.0025
2004.625  0.0025  0.0023  0.0027
2004.708  0.0025  0.0023  0.0027
2004.792  0.0025  0.0024  0.0026
2004.875  0.0025  0.0025  0.0026
2004.958  0.0027  0.0026  0.0027
2005.042  0.0029  0.0029  0.0029
2005.125  0.0031  0.0031  0.0030
2005.208  0.0034  0.0034  0.0033
2005.292  0.0035  0.0036  0.0033
2005.375  0.0034  0.0034  0.0033
2005.458  0.0033  0.0032  0.0033
2005.542  0.0033  0.0032  0.0035
2005.625  0.0036  0.0035  0.0037
2005.708  0.0037  0.0036  0.0038
2005.792  0.0037  0.0037  0.0037
2005.875  0.0037  0.0038  0.0037
2005.958  0.0036  0.0036  0.0036
2006.042  0.0034  0.0035  0.0033
2006.125  0.0033  0.0033  0.0033
2006.208  0.0032  0.0032  0.0032
2006.292  0.0032  0.0033  0.0032
2006.375  0.0030  0.0030  0.0030
2006.458  0.0033  0.0032  0.0034
2006.542  0.0038  0.0039  0.0037
2006.625  0.0041  0.0043  0.0040
2006.708  0.0043  0.0045  0.0042
2006.792  0.0044  0.0047  0.0041
2006.875  0.0049  0.0052  0.0047
2006.958  0.0054  0.0054  0.0054
2007.042  0.0054  0.0052  0.0055
2007.125  0.0051  0.0050  0.0051
2007.208  0.0045  0.0047  0.0044
2007.292  0.0045  0.0047  0.0043
2007.375  0.0041  0.0041  0.0040
2007.458  0.0040  0.0040  0.0040
2007.542  0.0040  0.0040  0.0041
2007.625  0.0041  0.0040  0.0042
2007.708  0.0042  0.0040  0.0044
2007.792  0.0041  0.0041  0.0041
2007.875  0.0042  0.0043  0.0040
2007.958  0.0040  0.0040  0.0039
2008.042  0.0038  0.0038  0.0037
2008.125  0.0036  0.0035  0.0036
2008.208  0.0034  0.0034  0.0033
2008.292  0.0033  0.0034  0.0032
2008.375  0.0031  0.0032  0.0031
2008.458  0.0031  0.0031  0.0032
2008.542  0.0033  0.0032  0.0034
2008.625  0.0036  0.0036  0.0036
2008.708  0.0043  0.0048  0.0037
2008.792  0.0046  0.0056  0.0035
2008.875  0.0048  0.0059  0.0037
2008.958  0.0046  0.0055  0.0038
2009.042  0.0042  0.0047  0.0036
2009.125  0.0039  0.0041  0.0037
2009.208  0.0040  0.0039  0.0040
2009.292  0.0038  0.0038  0.0038
2009.375  0.0036  0.0037  0.0036
2009.458  0.0036  0.0037  0.0035
2009.542  0.0051  0.0067  0.0036
2009.625  0.0062  0.0085  0.0038
2009.708  0.0062  0.0082  0.0041
2009.792  0.0056  0.0072  0.0039
2009.875  0.0053  0.0065  0.0040
2009.958  0.0046  0.0054  0.0038
2010.042  0.0041  0.0045  0.0036
2010.125  0.0037  0.0039  0.0035
2010.208  0.0033  0.0037  0.0029
2010.292  0.0034  0.0037  0.0030
2010.375  0.0032  0.0035  0.0029
2010.458  0.0032  0.0035  0.0030
2010.542  0.0033  0.0035  0.0031
2010.625  0.0035  0.0036  0.0033
2010.708  0.0035  0.0036  0.0035
2010.792  0.0034  0.0035  0.0033
2010.875  0.0037  0.0036  0.0037
2010.958  0.0045  0.0040  0.0050
2011.042  0.0044  0.0039  0.0050
2011.125  0.0041  0.0036  0.0047
2011.208  0.0037  0.0035  0.0040
2011.292  0.0035  0.0033  0.0037
2011.375  0.0034  0.0032  0.0036
2011.458  0.0034  0.0032  0.0036
2011.542  0.0052  0.0067  0.0037
2011.625  0.0068  0.0096  0.0040
2011.708  0.0067  0.0090  0.0043
2011.792  0.0064  0.0085  0.0043
2011.875  0.0060  0.0077  0.0043
2011.958  0.0055  0.0067  0.0043
2012.042  0.0048  0.0056  0.0041
2012.125  0.0040  0.0044  0.0036
2012.208  0.0038  0.0042  0.0034
2012.292  0.0038  0.0043  0.0034
2012.375  0.0035  0.0037  0.0033
2012.458  0.0034  0.0035  0.0033
2012.542  0.0034  0.0034  0.0034
2012.625  0.0034  0.0034  0.0034
2012.708  0.0035  0.0034  0.0036
